0 0.000000
1 1.000000
2 1.428571
3 2.142857
4 3.000000
5 4.000000
6 4.857143
7 5.857143
8 7.142857
9 8.571429
10 10.285715
11 12.000000
12 13.571428
13 15.428572
14 17.285715
15 19.428572
16 21.285715
17 23.428570
18 25.714287
19 28.142857
20 30.428572
21 32.714283
22 35.285713
23 37.857143
24 40.571426
25 43.285717
26 45.857143
27 48.714287
28 51.857143
29 54.571426
30 57.571430
31 60.571426
32 63.714287
33 66.714279
34 69.857147
35 73.000000
36 76.285713
37 79.428574
38 82.857140
39 86.000008
40 89.428574
41 92.999992
42 96.142860
43 99.714279
44 103.428574
45 106.571419
46 110.428566
47 113.714287
48 117.571426
49 121.000000
50 124.857147
51 128.571426
52 132.142853
53 135.714279
54 139.428558
55 143.285721
56 147.285721
57 150.857147
58 154.714294
59 158.571442
60 162.571426
61 166.285721
62 170.142853
63 174.142853
64 178.285706
65 182.000000
66 185.999985
67 190.000015
68 194.000000
69 197.714279
70 201.857147
71 205.714279
72 209.714279
73 213.714279
74 217.714294
75 222.000000
76 226.142868
77 230.142853
78 234.142838
79 238.142838
80 242.428558
81 246.428558
82 250.714294
83 254.857132
84 258.857147
85 263.000000
86 267.142853
87 271.428589
88 275.714264
89 279.857147
90 284.000000
91 288.000000
92 292.285706
93 296.428558
94 300.857147
95 305.000031
96 309.285675
97 313.428558
98 317.571411
99 321.857147
100 326.285736
101 330.428558
102 334.571411
103 339.142883
104 343.285706
105 347.428589
106 351.714264
107 356.142853
108 360.285736
109 364.428558
110 368.857147
111 373.285706
112 377.428589
113 381.714294
114 386.000000
115 390.285706
116 394.857117
117 399.000000
118 403.285706
119 407.571411
120 412.000000
121 416.285736
122 420.571442
123 425.000000
124 429.285706
125 433.571411
126 438.000031
127 442.285706
128 446.714264
129 450.999969
130 455.428589
131 459.714294
132 464.000000
133 468.714294
134 472.714294
135 476.714294
136 481.571442
137 485.714294
138 490.000000
139 494.714294
140 498.857117
141 503.428589
142 507.714294
143 511.857117
144 516.714233
145 520.714294
146 524.857178
147 529.714294
148 533.714294
149 538.571472
150 542.714294
151 546.857117
152 551.714233
153 555.714294
154 560.428589
155 564.714294
156 568.714294
157 573.428589
158 577.714294
159 582.285706
160 586.714233
161 590.714294
162 595.571411
163 599.714294
164 604.142883
165 608.571472
166 612.857117
167 617.285706
168 621.714233
169 626.000000
170 630.571472
171 634.857117
172 639.428589
173 643.714294
174 648.000000
175 652.571411
176 656.857056
177 661.428528
178 665.714294
179 670.142822
180 674.571472
181 678.857178
182 683.428589
183 687.714294
184 692.428589
185 696.571411
186 700.857178
187 705.428528
188 709.857178
189 714.428589
190 718.714294
191 723.000000
192 727.428589
193 731.857117
194 736.428528
195 740.857056
196 745.142883
197 749.428589
198 754.000000
199 758.428589
200 762.714294
201 767.142883
202 771.428528
203 775.999939
204 780.428528
205 784.857178
206 789.285645
207 793.428589
208 798.142883
209 802.428589
210 806.714294
211 811.285706
212 815.714233
213 820.285706
214 824.571350
215 828.857178
216 833.428589
217 837.857178
218 842.285767
219 846.714294
220 851.285767
221 855.571411
222 859.999939
223 864.285706
224 868.714294
225 873.142822
226 877.428589
227 882.285706
228 886.428589
229 890.857117
230 895.285706
231 899.714233
232 904.285706
233 908.571411
234 912.857178
235 917.285645
236 921.571472
237 926.285645
238 930.571472
239 935.142883
240 939.428589
241 944.000000
242 948.285706
243 952.571411
244 957.285645
245 961.428589
246 966.142822
247 970.428650
248 974.714294
249 979.285706
250 983.571350
251 988.285767
252 992.571411
253 997.000000
254 1001.285645
255 1005.571472
256 1010.428589
257 1014.571472
258 1019.285706
259 1023.428589
260 1028.142822
261 1032.428589
262 1036.714233
263 1041.285645
264 1045.428589
265 1050.285645
266 1054.428589
267 1058.857178
268 1063.428589
269 1067.571411
270 1072.285767
271 1076.571411
272 1081.285767
273 1085.428467
274 1090.000000
275 1094.428589
276 1098.571533
277 1103.142822
278 1107.428589
279 1112.142822
280 1116.428589
281 1120.571411
282 1125.285645
283 1129.571411
284 1134.285645
285 1138.428589
286 1143.000000
287 1147.428589
288 1151.857056
289 1156.428589
290 1160.428589
291 1165.285767
292 1169.428467
293 1174.000000
294 1178.428589
295 1182.714355
296 1187.428589
297 1191.428589
298 1196.142822
299 1200.428589
300 1204.714233
301 1209.428589
302 1213.571411
303 1218.428467
304 1222.428589
305 1227.000000
306 1231.428589
307 1235.857056
308 1240.428589
309 1244.428589
310 1249.285645
311 1253.428467
312 1258.142822
313 1262.428589
314 1266.714233
315 1271.428589
316 1275.571411
317 1280.428589
318 1284.428589
319 1289.000000
320 1293.428589
321 1297.714233
322 1302.428467
323 1306.428589
324 1311.285767
325 1315.428589
326 1320.285645
327 1324.428589
328 1328.857178
329 1333.428589
330 1337.571411
331 1342.142822
332 1346.571411
333 1350.857056
334 1355.428589
335 1359.571411
336 1364.428589
337 1368.571411
338 1373.285767
339 1377.571411
340 1381.857056
341 1386.428467
342 1390.714355
343 1395.285767
344 1399.571411
345 1404.428589
346 1408.428589
347 1412.857178
348 1417.428589
349 1421.714355
350 1426.428589
351 1430.571411
352 1435.285645
353 1439.571533
354 1443.857178
355 1448.428467
356 1452.571411
357 1457.428589
358 1461.571411
359 1466.142822
360 1470.571533
361 1474.857178
362 1479.285767
363 1483.857056
364 1488.285645
365 1492.571411
366 1497.000000
367 1501.571411
368 1505.857178
369 1510.571411
370 1514.571411
371 1519.285767
372 1523.571533
373 1528.000000
374 1532.571289
375 1536.857056
376 1541.571411
377 1545.714355
378 1550.428589
379 1554.714355
380 1559.142944
381 1563.571411
382 1567.857056
383 1572.571533
384 1576.857178
385 1581.285645
386 1585.714233
387 1589.857178
388 1594.571411
389 1598.714233
390 1603.571533
391 1607.714355
392 1612.571411
393 1616.571289
394 1621.000000
395 1625.571411
396 1629.857178
397 1634.428589
398 1638.714355
399 1643.428589
400 1647.714233
401 1651.999878
402 1656.571533
403 1660.857178
404 1665.571289
405 1669.857056
406 1674.285645
407 1678.714355
408 1683.142700
409 1687.571533
410 1691.857178
411 1696.571411
412 1700.857056
413 1705.142944
414 1709.714233
415 1714.000000
416 1718.714233
417 1722.857178
418 1727.428589
419 1731.857056
420 1736.142822
421 1740.714355
422 1745.000000
423 1749.571289
424 1753.857056
425 1758.428589
426 1762.714355
427 1767.142700
428 1771.714355
429 1775.857178
430 1780.571411
431 1784.571289
432 1789.000000
433 1792.857056
434 1796.857178
435 1800.857178
436 1804.714233
437 1808.285645
438 1812.000000
439 1815.285645
440 1819.000000
441 1822.142822
442 1825.142822
443 1828.000000
444 1830.714233
445 1833.142944
446 1835.428467
447 1837.428467
448 1839.571289
449 1841.142822
450 1842.714355
451 1844.285645
452 1845.285645
453 1846.428467
454 1847.428467
455 1848.142822
456 1848.571411
457 1848.714111
458 1849.142822
459 1849.142700
460 1848.999878
461 1848.857056
462 1848.428467
463 1848.000000
464 1847.285767
465 1846.285645
466 1845.428467
467 1844.428589
468 1843.142822
469 1841.714355
470 1840.285767
471 1838.857178
472 1837.285645
473 1835.428589
474 1833.714233
475 1831.714355
476 1829.857056
477 1827.714111
478 1825.714355
479 1823.285767
480 1821.142822
481 1818.857056
482 1816.285645
483 1813.857178
484 1811.142822
485 1808.714111
486 1806.000000
487 1803.571533
488 1801.000000
489 1798.285645
490 1795.714355
491 1793.571533
492 1791.000000
493 1788.714233
494 1786.428589
495 1784.285645
496 1782.428589
497 1780.428711
498 1778.571289
499 1777.000000
500 1775.857056
501 1774.428467
502 1773.571411
503 1772.714111
504 1771.714355
505 1771.285645
506 1770.571411
507 1770.857056
508 1770.714111
509 1771.000000
510 1771.142822
511 1771.571289
512 1772.000000
513 1772.857178
514 1773.857178
515 1774.714233
516 1775.857178
517 1777.142822
518 1778.571411
519 1780.142822
520 1781.428589
521 1783.142944
522 1785.000000
523 1786.856934
524 1788.571533
525 1790.428589
526 1792.428589
527 1794.142822
528 1796.000000
529 1798.285645
530 1800.000000
531 1801.571411
532 1803.142822
533 1804.856934
534 1806.428711
535 1807.714355
536 1809.142822
537 1810.142822
538 1811.285889
539 1812.000000
540 1812.714355
541 1813.000000
542 1813.428467
543 1813.571289
544 1813.714233
545 1813.714233
546 1813.285767
547 1813.000122
548 1812.285645
549 1811.856934
550 1810.856934
551 1810.000000
552 1809.142822
553 1808.000000
554 1806.714111
555 1805.428589
556 1804.000000
557 1802.428467
558 1801.285767
559 1799.571533
560 1797.857178
561 1796.285645
562 1794.714233
563 1793.428467
564 1791.857178
565 1790.285522
566 1789.000000
567 1787.857056
568 1786.571533
569 1785.571411
570 1784.571533
571 1783.714355
572 1783.142944
573 1783.142822
574 1782.571411
575 1782.571411
576 1782.428589
577 1782.714233
578 1783.000122
579 1783.428589
580 1784.142944
581 1784.714478
582 1785.714355
583 1786.571411
584 1787.571411
585 1788.857056
586 1789.857178
587 1791.285767
588 1792.571411
589 1794.000000
590 1795.285645
591 1796.714355
592 1798.142822
593 1799.000000
594 1800.428589
595 1801.857056
596 1803.000000
597 1804.142944
598 1804.999878
599 1806.000000
600 1806.571411
601 1807.142822
602 1807.285645
603 1807.714355
604 1807.571167
605 1807.571289
606 1807.142822
607 1806.857178
608 1806.285767
609 1805.714233
610 1804.714233
611 1803.857056
612 1802.857178
613 1801.714233
614 1800.285645
615 1799.285645
616 1798.000000
617 1796.857300
618 1795.428467
619 1794.285767
620 1793.000000
621 1791.999878
622 1790.714355
623 1789.285767
624 1788.571411
625 1787.571411
626 1786.857178
627 1786.285767
628 1786.000000
629 1785.428589
630 1785.285767
631 1785.428589
632 1785.714233
633 1786.000122
634 1786.428589
635 1787.142822
636 1787.857178
637 1788.857178
638 1789.714355
639 1790.714233
640 1791.857300
641 1793.285645
642 1794.428589
643 1795.571533
644 1796.857056
645 1798.000000
646 1799.428589
647 1800.428467
648 1801.571411
649 1802.714111
650 1803.571411
651 1804.428467
652 1805.000000
653 1805.571289
654 1806.000000
655 1806.428467
656 1806.428467
657 1806.571289
658 1806.142944
659 1805.857300
660 1805.571411
661 1804.714233
662 1804.142822
663 1803.285645
664 1802.285645
665 1801.142944
666 1800.285645
667 1799.000000
668 1797.714233
669 1796.714233
670 1795.428467
671 1794.428589
672 1793.000000
673 1792.000122
674 1790.857178
675 1790.000122
676 1789.000000
677 1788.142944
678 1787.428589
679 1786.714355
680 1786.428589
681 1786.285767
682 1786.285645
683 1786.142822
684 1786.428711
685 1786.714478
686 1787.285767
687 1788.000122
688 1788.714233
689 1789.714233
690 1790.428589
691 1791.857056
692 1792.857178
693 1794.000000
694 1795.428589
695 1796.428589
696 1797.857178
697 1799.000000
698 1800.142822
699 1801.428467
700 1802.142822
701 1803.428345
702 1804.000000
703 1804.714355
704 1805.285645
705 1805.571289
706 1805.857178
707 1806.285645
708 1806.000000
709 1805.857178
710 1805.571289
711 1805.000000
712 1804.285645
713 1803.857178
714 1803.000000
715 1802.428467
716 1801.000000
717 1800.000000
718 1799.000000
719 1797.714111
720 1796.857178
721 1795.571411
722 1794.428589
723 1793.428467
724 1792.142944
725 1791.285889
726 1790.142822
727 1789.142822
728 1788.285767
729 1787.857178
730 1787.285767
731 1787.000000
732 1786.428589
733 1786.571411
734 1786.571533
735 1786.857300
736 1787.142944
737 1787.714233
738 1788.428589
739 1789.000000
740 1790.000000
741 1791.000000
742 1792.142944
743 1793.142822
744 1794.285645
745 1795.714233
746 1796.714233
747 1798.000122
748 1799.000000
749 1800.285767
750 1801.285645
751 1802.285645
752 1803.142700
753 1804.000000
754 1804.571533
755 1805.142822
756 1805.571533
757 1805.714355
758 1806.142822
759 1805.714355
760 1805.571533
761 1805.142822
762 1804.571289
763 1804.142822
764 1803.428589
765 1802.428711
766 1801.571411
767 1800.571289
768 1799.571533
769 1798.428589
770 1797.571411
771 1796.142700
772 1795.000122
773 1794.142822
774 1793.000000
775 1791.714355
776 1791.000122
777 1789.857178
778 1789.142822
779 1788.285767
780 1787.857178
781 1787.142822
782 1787.000000
783 1786.714233
784 1786.714355
785 1786.857178
786 1787.285889
787 1787.571411
788 1788.142944
789 1788.714233
790 1789.571411
791 1790.714355
792 1791.714233
793 1792.714355
794 1793.714233
795 1795.000000
796 1796.428589
797 1797.285645
798 1798.428589
799 1799.857178
800 1800.714233
801 1801.714111
802 1802.714111
803 1803.571289
804 1804.285645
805 1804.857178
806 1805.142822
807 1805.571289
808 1805.714355
809 1805.856934
810 1805.571289
811 1805.285645
812 1804.857178
813 1804.142822
814 1803.714355
815 1802.714355
816 1802.142822
817 1801.142822
818 1800.142822
819 1799.142944
820 1798.000000
821 1797.000000
822 1795.571411
823 1795.000122
824 1793.571289
825 1792.714355
826 1791.571411
827 1790.571411
828 1789.571411
829 1788.714233
830 1788.142944
831 1787.714355
832 1787.285645
833 1787.000000
834 1786.714233
835 1786.857178
836 1787.142822
837 1787.571533
838 1787.857178
839 1788.714233
840 1789.142700
841 1790.142944
842 1791.142822
843 1792.142822
844 1793.142822
845 1794.428467
846 1795.428467
847 1796.714355
848 1798.000000
849 1799.000000
850 1800.142944
851 1801.428467
852 1801.999878
853 1802.999878
854 1803.428467
855 1804.285645
856 1804.857178
857 1805.285645
858 1805.285645
859 1805.571289
860 1805.571289
861 1805.142822
862 1804.857178
863 1804.571289
864 1803.714355
865 1803.000000
866 1802.285645
867 1801.428711
868 1800.428467
869 1799.285767
870 1798.428589
871 1797.428467
872 1796.285767
873 1795.285767
874 1794.142944
875 1793.000000
876 1791.857056
877 1791.142944
878 1790.000000
879 1789.285645
880 1788.428589
881 1788.142944
882 1787.571411
883 1787.714233
884 1787.285645
885 1787.142944
886 1787.285767
887 1787.571411
888 1787.857178
889 1788.571411
890 1789.285645
891 1790.000122
892 1791.000000
893 1792.000000
894 1792.857056
895 1794.142822
896 1794.857056
897 1796.285645
898 1797.428589
899 1798.714355
900 1799.571411
901 1800.857178
902 1801.571411
903 1802.571533
904 1803.285645
905 1803.714355
906 1804.285645
907 1804.857178
908 1805.000000
909 1805.000000
910 1805.285645
911 1804.857178
912 1804.714355
913 1804.142822
914 1803.714233
915 1803.142944
916 1802.571533
917 1801.571533
918 1800.571289
919 1799.714233
920 1798.428589
921 1797.714355
922 1796.571411
923 1795.714478
924 1794.428589
925 1793.714355
926 1792.428589
927 1791.571411
928 1790.714233
929 1789.857178
930 1789.285767
931 1788.571411
932 1787.999878
933 1787.714233
934 1787.714233
935 1787.428589
936 1787.714355
937 1787.857178
938 1788.000000
939 1788.285767
940 1789.285645
941 1789.857056
942 1790.714233
943 1791.571411
944 1792.714233
945 1793.428467
946 1794.714233
947 1795.857178
948 1797.000122
949 1798.000000
950 1799.285767
951 1800.285645
952 1801.142822
953 1802.142700
954 1802.714355
955 1803.285645
956 1803.714233
957 1804.428467
958 1804.571289
959 1804.856934
960 1805.000000
961 1804.714355
962 1804.571289
963 1804.142822
964 1803.714111
965 1803.285645
966 1802.571533
967 1801.571411
968 1800.714355
969 1799.857056
970 1799.142944
971 1798.000000
972 1797.285645
973 1796.000122
974 1795.000000
975 1794.000000
976 1792.714233
977 1791.999878
978 1791.285522
979 1790.142944
980 1789.571533
981 1789.000000
982 1788.428467
983 1788.142822
984 1788.000000
985 1788.000122
986 1788.000000
987 1788.000000
988 1788.285645
989 1788.714233
990 1789.142822
991 1789.857178
992 1790.714355
993 1791.571411
994 1792.428467
995 1793.285645
996 1794.428589
997 1795.285645
998 1796.285767
999 1797.571533
1000 1798.857178
1001 1799.571411
1002 1800.571289
1003 1801.571411
1004 1802.142822
1005 1802.714355
1006 1803.428467
1007 1803.857056
1008 1803.857056
1009 1804.428467
1010 1804.571289
1011 1804.285645
1012 1804.142822
1013 1803.856934
1014 1803.428467
1015 1803.142822
1016 1802.428467
1017 1801.571533
1018 1801.000000
1019 1800.142822
1020 1799.285767
1021 1798.428467
1022 1797.142822
1023 1796.285889
1024 1795.285645
1025 1794.285767
1026 1793.428467
1027 1792.285767
1028 1791.857056
1029 1790.999878
1030 1790.000000
1031 1789.571533
1032 1788.999878
1033 1788.714233
1034 1788.428589
1035 1788.285767
1036 1788.571411
1037 1788.428589
1038 1788.571411
1039 1789.142822
1040 1789.285645
1041 1790.285767
1042 1790.857178
1043 1791.571411
1044 1792.285645
1045 1793.428467
1046 1794.000000
1047 1795.428467
1048 1796.285767
1049 1797.428711
1050 1798.285645
1051 1799.571289
1052 1800.285645
1053 1801.285767
1054 1801.857178
1055 1802.428711
1056 1803.142822
1057 1803.714111
1058 1803.571411
1059 1804.285645
1060 1804.142822
1061 1804.000000
1062 1804.000000
1063 1803.857178
1064 1803.285645
1065 1802.999878
1066 1802.142822
1067 1801.571533
1068 1801.000000
1069 1800.285645
1070 1799.428589
1071 1798.428467
1072 1797.428589
1073 1796.714355
1074 1795.428711
1075 1794.714233
1076 1793.571289
1077 1792.714355
1078 1791.714355
1079 1791.285645
1080 1790.142944
1081 1789.571533
1082 1789.142822
1083 1788.857178
1084 1788.571411
1085 1788.428589
1086 1788.571411
1087 1788.714355
1088 1788.857178
1089 1788.857056
1090 1789.571411
1091 1790.142822
1092 1790.714355
1093 1791.428589
1094 1792.428589
1095 1793.142822
1096 1794.000000
1097 1794.857056
1098 1796.000000
1099 1797.000122
1100 1797.857178
1101 1799.142822
1102 1799.714111
1103 1800.857056
1104 1801.428711
1105 1802.000000
1106 1802.857178
1107 1803.142822
1108 1803.571289
1109 1803.428467
1110 1803.714111
1111 1803.857178
1112 1803.714111
1113 1803.428711
1114 1803.142578
1115 1802.571289
1116 1802.285645
1117 1801.714233
1118 1801.000122
1119 1800.142822
1120 1799.571411
1121 1798.714233
1122 1797.857056
1123 1797.000000
1124 1796.000122
1125 1794.999878
1126 1793.857178
1127 1793.285645
1128 1792.285645
1129 1791.714233
1130 1790.714233
1131 1790.142944
1132 1789.857178
1133 1789.285645
1134 1788.857178
1135 1788.857178
1136 1788.857178
1137 1789.142944
1138 1789.285767
1139 1789.428589
1140 1789.857178
1141 1790.285522
1142 1790.714478
1143 1791.285767
1144 1792.142944
1145 1793.142700
1146 1794.000000
1147 1794.714233
1148 1795.857178
1149 1796.571411
1150 1797.714355
1151 1798.857178
1152 1799.571289
1153 1800.428589
1154 1801.285645
1155 1801.857178
1156 1802.428711
1157 1802.857178
1158 1803.142700
1159 1803.142700
1160 1803.571289
1161 1803.571289
1162 1803.285645
1163 1803.142822
1164 1802.856934
1165 1802.428467
1166 1802.142822
1167 1801.428467
1168 1800.857178
1169 1800.142822
1170 1799.428589
1171 1798.857178
1172 1797.857178
1173 1797.000122
1174 1796.000122
1175 1795.142822
1176 1794.142822
1177 1793.428589
1178 1792.571289
1179 1791.714233
1180 1791.142822
1181 1790.428589
1182 1790.000122
1183 1789.571411
1184 1789.285645
1185 1789.142822
1186 1789.000000
1187 1789.142944
1188 1789.428589
1189 1789.857056
1190 1790.000000
1191 1790.571289
1192 1791.000122
1193 1791.571533
1194 1792.428589
1195 1792.999878
1196 1793.857056
1197 1794.714111
1198 1795.714355
1199 1796.857056
1200 1797.428467
