0 0.000000
1 0.000000
2 0.142857
3 0.285714
4 0.571429
5 1.000000
6 1.571429
7 2.285714
8 3.428572
9 4.000000
10 4.857143
11 6.142858
12 7.714286
13 8.857143
14 10.714287
15 11.999999
16 13.999999
17 15.714285
18 17.285715
19 19.285713
20 21.285715
21 23.571428
22 25.857143
23 28.285715
24 30.428570
25 33.142857
26 35.428574
27 38.142853
28 40.571430
29 43.428574
30 46.142857
31 48.714291
32 51.857140
33 54.714287
34 57.571430
35 60.714287
36 63.571430
37 66.714287
38 69.857147
39 72.857140
40 76.000000
41 79.571426
42 82.714279
43 85.857140
44 89.142860
45 92.857140
46 95.857155
47 99.714287
48 103.000008
49 106.428566
50 109.857155
51 113.714279
52 117.142860
53 120.857140
54 124.142860
55 128.000000
56 132.000000
57 135.142853
58 139.000000
59 142.857132
60 146.428574
61 150.285706
62 154.142853
63 158.000015
64 161.714294
65 165.428574
66 169.285721
67 173.142868
68 177.142853
69 181.142868
70 185.142853
71 189.000000
72 192.857147
73 196.714279
74 200.714294
75 204.571426
76 208.571426
77 212.714279
78 216.571426
79 220.571426
80 224.714279
81 228.857132
82 232.857147
83 236.857132
84 240.857132
85 245.142853
86 249.285706
87 253.285736
88 257.285706
89 261.428589
90 265.428558
91 269.571411
92 273.857147
93 278.000000
94 282.285706
95 286.285706
96 290.285706
97 294.571411
98 298.571411
99 302.714294
100 307.142853
101 311.285706
102 315.428619
103 319.571381
104 324.000000
105 328.142853
106 332.285706
107 336.428589
108 340.714264
109 345.000000
110 349.142853
111 353.428558
112 357.714325
113 361.999969
114 366.142883
115 370.285706
116 374.714264
117 379.000031
118 383.142822
119 387.428558
120 391.714294
121 395.999969
122 400.142883
123 404.714294
124 408.857147
125 413.142883
126 417.285675
127 421.714294
128 426.000000
129 430.142853
130 434.714325
131 438.714264
132 443.000000
133 447.428589
134 451.714264
135 456.000031
136 460.142822
137 464.714294
138 469.000000
139 473.142822
140 477.714294
141 481.857117
142 486.285706
143 490.714325
144 494.714233
145 499.285706
146 503.571472
147 507.857117
148 512.000000
149 516.571411
150 520.857178
151 525.142883
152 529.571411
153 533.857178
154 538.285706
155 542.714294
156 546.714294
157 551.285706
158 555.571411
159 559.857178
160 564.000000
161 568.714294
162 572.857117
163 577.428589
164 581.571411
165 585.857117
166 590.428589
167 594.714294
168 598.857117
169 603.428589
170 607.857117
171 612.000000
172 616.428589
173 620.857178
174 625.000000
175 629.571472
176 633.857117
177 638.000000
178 642.571411
179 646.857117
180 651.285706
181 655.571472
182 659.857117
183 664.428589
184 668.571411
185 673.142883
186 677.428528
187 681.714294
188 686.000000
189 690.428589
190 694.714294
191 699.142883
192 703.428528
193 707.857117
194 712.428528
195 716.571411
196 721.142822
197 725.428589
198 729.714294
199 734.285767
200 738.428589
201 743.000000
202 747.285706
203 751.571411
204 756.000000
205 760.428589
206 764.571472
207 769.142883
208 773.428589
209 777.857117
210 782.285706
211 786.428589
212 791.142822
213 795.428589
214 799.571472
215 804.285706
216 808.428589
217 812.714294
218 817.285706
219 821.428589
220 826.000000
221 830.428589
222 834.428589
223 839.142883
224 843.428589
225 847.714294
226 852.285706
227 856.428589
228 860.999939
229 865.428589
230 869.571411
231 874.142883
232 878.428589
233 882.714294
234 887.142883
235 891.428589
236 895.857117
237 900.428589
238 904.714355
239 909.142883
240 913.428528
241 917.857239
242 922.428528
243 926.428589
244 930.857178
245 935.428589
246 939.714355
247 944.285706
248 948.428528
249 952.857239
250 957.285706
251 961.571411
252 966.000000
253 970.428589
254 974.714355
255 979.142883
256 983.428528
257 987.857239
258 992.285706
259 996.857117
260 1001.000000
261 1005.285767
262 1009.857178
263 1014.285706
264 1018.714233
265 1022.857239
266 1027.285767
267 1031.857178
268 1036.285645
269 1040.571411
270 1044.857178
271 1049.285645
272 1053.714233
273 1058.000000
274 1062.571411
275 1066.857178
276 1071.142822
277 1075.714355
278 1080.000000
279 1084.285645
280 1088.714233
281 1093.000000
282 1097.714233
283 1102.000000
284 1106.285645
285 1110.714355
286 1115.000000
287 1119.428589
288 1123.714233
289 1128.142822
290 1132.714233
291 1137.000000
292 1141.142822
293 1145.714355
294 1150.000000
295 1154.571411
296 1158.857178
297 1163.142822
298 1167.714233
299 1171.857178
300 1176.714355
301 1180.714355
302 1185.142822
303 1189.714233
304 1193.857178
305 1198.428589
306 1202.714233
307 1207.000000
308 1211.714233
309 1215.857178
310 1220.428589
311 1224.714355
312 1228.857178
313 1233.714233
314 1237.857056
315 1242.285645
316 1246.714233
317 1250.857178
318 1255.571411
319 1259.857178
320 1264.142944
321 1268.714233
322 1272.857056
323 1277.428589
324 1281.857056
325 1286.000000
326 1290.571411
327 1294.857178
328 1299.000000
329 1303.857178
330 1307.857056
331 1312.571411
332 1316.857056
333 1321.142822
334 1325.714233
335 1329.857178
336 1334.285767
337 1338.714233
338 1343.000000
339 1347.714233
340 1351.857056
341 1356.428467
342 1360.857178
343 1365.000000
344 1369.428589
345 1373.857178
346 1378.285767
347 1382.428589
348 1386.999878
349 1391.428467
350 1395.857178
351 1400.142822
352 1404.714233
353 1408.857178
354 1413.285767
355 1417.857178
356 1422.142822
357 1426.428467
358 1431.000000
359 1435.285645
360 1439.857178
361 1444.142944
362 1448.428589
363 1452.857178
364 1457.428589
365 1461.571411
366 1466.142822
367 1470.428589
368 1474.571411
369 1479.285767
370 1483.571411
371 1488.000000
372 1492.428589
373 1496.714233
374 1501.142822
375 1505.428589
376 1510.142822
377 1514.428589
378 1518.571411
379 1523.000122
380 1527.428589
381 1532.000122
382 1536.428589
383 1540.571411
384 1545.142822
385 1549.428589
386 1553.857056
387 1558.285767
388 1562.428589
389 1566.857178
390 1571.428589
391 1575.857056
392 1580.428589
393 1584.571533
394 1588.999878
395 1593.428589
396 1597.857178
397 1602.285767
398 1606.428589
399 1610.714233
400 1615.285645
401 1619.714355
402 1624.142822
403 1628.571411
404 1632.857178
405 1637.428589
406 1641.714233
407 1646.000000
408 1650.428589
409 1654.857178
410 1659.142822
411 1663.714233
412 1668.000000
413 1672.428589
414 1676.857178
415 1681.142822
416 1685.714355
417 1690.000000
418 1694.428589
419 1698.714233
420 1703.142822
421 1707.714233
422 1711.857178
423 1716.285767
424 1720.857178
425 1725.142822
426 1729.714233
427 1733.857056
428 1738.285767
429 1742.714233
430 1747.000000
431 1751.571533
432 1755.857178
433 1760.285645
434 1764.714233
435 1769.142822
436 1773.571411
437 1777.571411
438 1782.000000
439 1786.142822
440 1790.428711
441 1794.428589
442 1798.285889
443 1801.999878
444 1805.857178
445 1809.714233
446 1813.285645
447 1816.714233
448 1819.714355
449 1822.999878
450 1825.857422
451 1828.571289
452 1831.285645
453 1833.571533
454 1835.999756
455 1838.000000
456 1840.000000
457 1841.571411
458 1843.142578
459 1844.142944
460 1845.571289
461 1846.571533
462 1847.428711
463 1848.000000
464 1848.285645
465 1848.714111
466 1848.714111
467 1848.856934
468 1848.571289
469 1848.428467
470 1847.714355
471 1847.285767
472 1846.714355
473 1845.571411
474 1844.285645
475 1843.428711
476 1842.285645
477 1840.857178
478 1839.571411
479 1837.857178
480 1836.285645
481 1834.571533
482 1832.714233
483 1830.857056
484 1829.000000
485 1827.000000
486 1824.856934
487 1822.714233
488 1820.428711
489 1818.142822
490 1816.142822
491 1813.857178
492 1811.571289
493 1809.285645
494 1807.142822
495 1805.000000
496 1803.000000
497 1800.714355
498 1798.428711
499 1796.428467
500 1794.428467
501 1792.571411
502 1790.571411
503 1788.857178
504 1787.285645
505 1785.428589
506 1784.000000
507 1782.428589
508 1781.285767
509 1779.857056
510 1778.714355
511 1777.571411
512 1776.571411
513 1775.857178
514 1775.000000
515 1774.285767
516 1773.857178
517 1773.571533
518 1772.857178
519 1772.714355
520 1772.571411
521 1772.428467
522 1772.428467
523 1772.428589
524 1772.714233
525 1773.000000
526 1773.285767
527 1774.000122
528 1774.571533
529 1775.142822
530 1775.857056
531 1776.571411
532 1777.571411
533 1778.428589
534 1779.428589
535 1780.428589
536 1781.428589
537 1782.571411
538 1783.571411
539 1784.571411
540 1785.571411
541 1786.571533
542 1787.571411
543 1788.714355
544 1789.857178
545 1790.999878
546 1792.000000
547 1793.142822
548 1794.142822
549 1795.285767
550 1796.000000
551 1797.142944
552 1798.000000
553 1798.857178
554 1799.571289
555 1800.428467
556 1801.285645
557 1801.857300
558 1802.428589
559 1803.285645
560 1803.571289
561 1804.428711
562 1804.571533
563 1805.285645
564 1805.428589
565 1805.571533
566 1806.142822
567 1806.428467
568 1806.571289
569 1806.571289
570 1806.571289
571 1806.571289
572 1806.571289
573 1806.428467
574 1806.428467
575 1806.000000
576 1805.857178
577 1805.857178
578 1805.285889
579 1805.142944
580 1804.428711
581 1804.285889
582 1804.000122
583 1803.285522
584 1803.142700
585 1802.428589
586 1802.285767
587 1801.714355
588 1801.285767
589 1800.714233
590 1800.428467
591 1799.714355
592 1799.428467
593 1798.714355
594 1798.428711
595 1797.714355
596 1797.428711
597 1796.714355
598 1796.571533
599 1795.714233
600 1795.571411
601 1795.000000
602 1794.714355
603 1794.428711
604 1794.000000
605 1793.714233
606 1793.571289
607 1793.142822
608 1792.714355
609 1792.571411
610 1792.571411
611 1792.285645
612 1792.285645
613 1792.142822
614 1792.142822
615 1792.142822
616 1792.000000
617 1791.857178
618 1791.857178
619 1791.714355
620 1791.714355
621 1791.714355
622 1791.714355
623 1791.714355
624 1791.714355
625 1791.714355
626 1791.714355
627 1792.000000
628 1792.000000
629 1792.285645
630 1792.571289
631 1792.571289
632 1792.714111
633 1793.000000
634 1793.285645
635 1793.285645
636 1793.285645
637 1793.714233
638 1793.857056
639 1794.142822
640 1794.285645
641 1794.285645
642 1794.714233
643 1795.142944
644 1795.142944
645 1795.142944
646 1795.285767
647 1795.285767
648 1795.571411
649 1796.142822
650 1796.142822
651 1796.142822
652 1796.142822
653 1796.142822
654 1796.285645
655 1796.428711
656 1796.714355
657 1796.857178
658 1797.000000
659 1797.142944
660 1797.142944
661 1797.142944
662 1797.142944
663 1797.142944
664 1797.285767
665 1797.285767
666 1797.285767
667 1797.285767
668 1797.285767
669 1797.285767
670 1797.142822
671 1797.000000
672 1796.857178
673 1796.857178
674 1796.714355
675 1796.714355
676 1796.714355
677 1796.714355
678 1796.714355
679 1796.571533
680 1796.285767
681 1796.285767
682 1796.285767
683 1796.142944
684 1796.142944
685 1796.142944
686 1796.142944
687 1796.142944
688 1796.142944
689 1796.000122
690 1796.000122
691 1795.857056
692 1795.857056
693 1795.857056
694 1795.857056
695 1795.857056
696 1795.714233
697 1795.714233
698 1795.714233
699 1795.714233
700 1795.714233
701 1795.714233
702 1795.714233
703 1795.714233
704 1795.714233
705 1795.714233
706 1795.714233
707 1795.714233
708 1795.714233
709 1795.714233
710 1795.714233
711 1795.714233
712 1795.714233
713 1795.714233
714 1795.714233
715 1795.714233
716 1795.714233
717 1795.714233
718 1795.857300
719 1795.857300
720 1795.857300
721 1795.857300
722 1795.857300
723 1795.857300
724 1795.857300
725 1795.857300
726 1795.857300
727 1795.857300
728 1796.000122
729 1796.000122
730 1796.000122
731 1796.000122
732 1796.000122
733 1796.000122
734 1796.000122
735 1796.000122
736 1796.000122
737 1796.000122
738 1796.000122
739 1796.000122
740 1796.000122
741 1796.000122
742 1796.000122
743 1796.000122
744 1796.000122
745 1796.000122
746 1796.000122
747 1796.000122
748 1796.000122
749 1796.000122
750 1796.000122
751 1796.000122
752 1796.000122
753 1796.000122
754 1796.000122
755 1796.000122
756 1796.000122
757 1796.000122
758 1796.000122
759 1796.000122
760 1796.000122
761 1796.000122
762 1796.000122
763 1796.000122
764 1796.000122
765 1796.000122
766 1796.000122
767 1796.000122
768 1796.000122
769 1796.000122
770 1796.000122
771 1796.000122
772 1796.000122
773 1796.000122
774 1796.000122
775 1796.000122
776 1796.000122
777 1796.000122
778 1796.000122
779 1796.000122
780 1796.000122
781 1796.000122
782 1796.000122
783 1796.000122
784 1796.000122
785 1796.000122
786 1796.000122
787 1796.000122
788 1796.000122
789 1796.000122
790 1796.000122
791 1796.000122
792 1796.000122
793 1796.000122
794 1796.000122
795 1796.000122
796 1796.000122
797 1796.000122
798 1796.000122
799 1796.000122
800 1796.000122
801 1796.000122
802 1796.000122
803 1796.000122
804 1796.000122
805 1796.000122
806 1796.000122
807 1796.000122
808 1796.000122
809 1796.000122
810 1796.000122
811 1796.000122
812 1796.000122
813 1796.000122
814 1796.000122
815 1796.000122
816 1796.000122
817 1796.000122
818 1796.000122
819 1796.000122
820 1796.000122
821 1796.000122
822 1796.000122
823 1796.000122
824 1796.000122
825 1796.000122
826 1796.000122
827 1796.000122
828 1796.000122
829 1796.000122
830 1796.000122
831 1796.000122
832 1796.000122
833 1796.000122
834 1796.000122
835 1796.000122
836 1796.000122
837 1796.000122
838 1796.000122
839 1796.000122
840 1796.000122
841 1796.000122
842 1796.000122
843 1796.000122
844 1796.000122
845 1796.000122
846 1796.000122
847 1796.000122
848 1796.000122
849 1796.000122
850 1796.000122
851 1796.000122
852 1796.000122
853 1796.000122
854 1796.000122
855 1796.000122
856 1796.000122
857 1796.000122
858 1796.000122
859 1796.000122
860 1796.000122
861 1796.000122
862 1796.000122
863 1796.000122
864 1796.000122
865 1796.000122
866 1796.000122
867 1796.000122
868 1796.000122
869 1796.000122
870 1796.000122
871 1796.000122
872 1796.000122
873 1796.000122
874 1796.000122
875 1796.000122
876 1796.000122
877 1796.000122
878 1796.000122
879 1796.000122
880 1796.000122
881 1796.000122
882 1796.000122
883 1796.000122
884 1796.000122
885 1796.000122
886 1796.000122
887 1796.000122
888 1796.000122
889 1796.000122
890 1796.000122
891 1796.000122
892 1796.000122
893 1796.000122
894 1796.000122
895 1796.000122
896 1796.000122
897 1796.000122
898 1796.000122
899 1796.000122
900 1796.000122
901 1796.000122
902 1796.000122
903 1796.000122
904 1796.000122
905 1796.000122
906 1796.000122
907 1796.000122
908 1796.000122
909 1796.000122
910 1796.000122
911 1796.000122
912 1796.000122
913 1796.000122
914 1796.000122
915 1796.000122
916 1796.000122
917 1796.000122
918 1796.000122
919 1796.000122
920 1796.000122
921 1796.000122
922 1796.000122
923 1796.000122
924 1796.000122
925 1796.000122
926 1796.000122
927 1796.000122
928 1796.000122
929 1796.000122
930 1796.000122
931 1796.000122
932 1796.000122
933 1796.000122
934 1796.000122
935 1796.000122
936 1796.000122
937 1796.000122
938 1796.000122
939 1796.000122
940 1796.000122
941 1796.000122
942 1796.000122
943 1796.000122
944 1796.000122
945 1796.000122
946 1796.000122
947 1796.000122
948 1796.000122
949 1796.000122
950 1796.000122
951 1796.000122
952 1796.000122
953 1796.000122
954 1796.000122
955 1796.000122
956 1796.000122
957 1796.000122
958 1796.000122
959 1796.000122
960 1796.000122
961 1796.000122
962 1796.000122
963 1796.000122
964 1796.000122
965 1796.000122
966 1796.000122
967 1796.000122
968 1796.000122
969 1796.000122
970 1796.000122
971 1796.000122
972 1796.000122
973 1796.000122
974 1796.000122
975 1796.000122
976 1796.000122
977 1796.000122
978 1796.000122
979 1796.000122
980 1796.000122
981 1796.000122
982 1796.000122
983 1796.000122
984 1796.000122
985 1796.000122
986 1796.000122
987 1796.000122
988 1796.000122
989 1796.000122
990 1796.000122
991 1796.000122
992 1796.000122
993 1796.000122
994 1796.000122
995 1796.000122
996 1796.000122
997 1796.000122
998 1796.000122
999 1796.000122
1000 1796.000122
1001 1796.000122
1002 1796.000122
1003 1796.000122
1004 1796.000122
1005 1796.000122
1006 1796.000122
1007 1796.000122
1008 1796.000122
1009 1796.000122
1010 1796.000122
1011 1796.000122
1012 1796.000122
1013 1796.000122
1014 1796.000122
1015 1796.000122
1016 1796.000122
1017 1796.000122
1018 1796.000122
1019 1796.000122
1020 1796.000122
1021 1796.000122
1022 1796.000122
1023 1796.000122
1024 1796.000122
1025 1796.000122
1026 1796.000122
1027 1796.000122
1028 1796.000122
1029 1796.000122
1030 1796.000122
1031 1796.000122
1032 1796.000122
1033 1796.000122
1034 1796.000122
1035 1796.000122
1036 1796.000122
1037 1796.000122
1038 1796.000122
1039 1796.000122
1040 1796.000122
1041 1796.000122
1042 1796.000122
1043 1796.000122
1044 1796.000122
1045 1796.000122
1046 1796.000122
1047 1796.000122
1048 1796.000122
1049 1796.000122
1050 1796.000122
1051 1796.000122
1052 1796.000122
1053 1796.000122
1054 1796.000122
1055 1796.000122
1056 1796.000122
1057 1796.000122
1058 1796.000122
1059 1796.000122
1060 1796.000122
1061 1796.000122
1062 1796.000122
1063 1796.000122
1064 1796.000122
1065 1796.000122
1066 1796.000122
1067 1796.000122
1068 1796.000122
1069 1796.000122
1070 1796.000122
1071 1796.000122
1072 1796.000122
1073 1796.000122
1074 1796.000122
1075 1796.000122
1076 1796.000122
1077 1796.000122
1078 1796.000122
1079 1796.000122
1080 1796.000122
1081 1796.000122
1082 1796.000122
1083 1796.000122
1084 1796.000122
1085 1796.000122
1086 1796.000122
1087 1796.000122
1088 1796.000122
1089 1796.000122
1090 1796.000122
1091 1796.000122
1092 1796.000122
1093 1796.000122
1094 1796.000122
1095 1796.000122
1096 1796.000122
1097 1796.000122
1098 1796.000122
1099 1796.000122
1100 1796.000122
1101 1796.000122
1102 1796.000122
1103 1796.000122
1104 1796.000122
1105 1796.000122
1106 1796.000122
1107 1796.000122
1108 1796.000122
1109 1796.000122
1110 1796.000122
1111 1796.000122
1112 1796.000122
1113 1796.000122
1114 1796.000122
1115 1796.000122
1116 1796.000122
1117 1796.000122
1118 1796.000122
1119 1796.000122
1120 1796.000122
1121 1796.000122
1122 1796.000122
1123 1796.000122
1124 1796.000122
1125 1796.000122
1126 1796.000122
1127 1796.000122
1128 1796.000122
1129 1796.000122
1130 1796.000122
1131 1796.000122
1132 1796.000122
1133 1796.000122
1134 1796.000122
1135 1796.000122
1136 1796.000122
1137 1796.000122
1138 1796.000122
1139 1796.000122
1140 1796.000122
1141 1796.000122
1142 1796.000122
1143 1796.000122
1144 1796.000122
1145 1796.000122
1146 1796.000122
1147 1796.000122
1148 1796.000122
1149 1796.000122
1150 1796.000122
1151 1796.000122
1152 1796.000122
1153 1796.000122
1154 1796.000122
1155 1796.000122
1156 1796.000122
1157 1796.000122
1158 1796.000122
1159 1796.000122
1160 1796.000122
1161 1796.000122
1162 1796.000122
1163 1796.000122
1164 1796.000122
1165 1796.000122
1166 1796.000122
1167 1796.000122
1168 1796.000122
1169 1796.000122
1170 1796.000122
1171 1796.000122
1172 1796.000122
1173 1796.000122
1174 1796.000122
1175 1796.000122
1176 1796.000122
1177 1796.000122
1178 1796.000122
1179 1796.000122
1180 1796.000122
1181 1796.000122
1182 1796.000122
1183 1796.000122
1184 1796.000122
1185 1796.000122
1186 1796.000122
1187 1796.000122
1188 1796.000122
1189 1796.000122
1190 1796.000122
1191 1796.000122
1192 1796.000122
1193 1796.000122
1194 1796.000122
1195 1796.000122
1196 1796.000122
1197 1796.000122
1198 1796.000122
1199 1796.000122
1200 1796.000122
