0 0.000000
1 0.000000
2 0.000000
3 0.000000
4 0.285714
5 0.428571
6 1.000000
7 1.428572
8 2.285714
9 3.000000
10 4.000000
11 5.000000
12 6.428572
13 7.571429
14 9.285714
15 10.714286
16 12.428571
17 14.428572
18 16.000000
19 18.285715
20 20.285715
21 22.571428
22 24.571428
23 26.571428
24 28.857141
25 31.571428
26 33.714287
27 36.571426
28 38.857143
29 41.571430
30 44.428570
31 47.142860
32 50.142857
33 52.714283
34 55.714287
35 58.714287
36 61.857147
37 64.714287
38 67.857147
39 71.142853
40 74.571426
41 77.571426
42 80.714287
43 84.000000
44 87.571426
45 90.714279
46 94.142853
47 97.571426
48 100.857140
49 104.571426
50 107.999992
51 111.571426
52 115.142853
53 118.714294
54 122.428574
55 126.000000
56 129.571426
57 133.428574
58 136.857147
59 140.714279
60 144.571426
61 148.142853
62 152.142853
63 155.857147
64 159.714279
65 163.571426
66 167.571442
67 171.285721
68 175.142853
69 179.142853
70 182.857147
71 186.857147
72 190.857147
73 194.714264
74 198.714294
75 202.714294
76 206.714279
77 210.714294
78 214.714294
79 218.857147
80 222.714264
81 226.857147
82 230.857147
83 234.999985
84 239.000000
85 243.142853
86 247.428589
87 251.428589
88 255.571426
89 259.571411
90 263.714294
91 267.714294
92 272.142883
93 276.142853
94 280.428558
95 284.571442
96 288.571442
97 292.714294
98 297.000000
99 301.285706
100 305.428558
101 309.571411
102 313.714294
103 318.000000
104 322.285706
105 326.571442
106 330.571411
107 334.857147
108 339.285706
109 343.428558
110 347.571442
111 351.857117
112 356.285736
113 360.428558
114 364.571411
115 368.714325
116 373.428589
117 377.428589
118 381.571442
119 385.999969
120 390.285736
121 394.571442
122 398.714294
123 403.142883
124 407.571411
125 411.714294
126 416.000000
127 420.428558
128 424.571442
129 428.857147
130 433.428558
131 437.571442
132 441.857117
133 446.285736
134 450.571411
135 454.571442
136 459.285736
137 463.428528
138 467.714294
139 472.142883
140 476.571411
141 480.714294
142 485.142883
143 489.571442
144 493.857178
145 498.142822
146 502.571442
147 506.857178
148 511.142853
149 515.428528
150 519.857117
151 524.142822
152 528.714294
153 533.000000
154 537.142822
155 541.714294
156 546.142883
157 550.142822
158 555.000000
159 559.142822
160 563.428589
161 567.857117
162 572.142822
163 576.428589
164 581.000000
165 585.142822
166 589.571411
167 594.142822
168 598.142883
169 602.714294
170 607.142883
171 611.428528
172 615.857178
173 620.142822
174 624.428589
175 629.142883
176 633.428589
177 637.857117
178 642.142883
179 646.428589
180 650.714294
181 655.142822
182 659.714294
183 664.000000
184 668.428589
185 672.714294
186 677.142822
187 681.428589
188 685.857178
189 690.285706
190 694.571411
191 699.000000
192 703.571411
193 707.857178
194 712.285706
195 716.571472
196 721.000000
197 725.285706
198 729.857117
199 734.142822
200 738.428528
201 743.000061
202 747.142883
203 751.714355
204 756.142883
205 760.428528
206 764.857117
207 769.142822
208 773.571350
209 778.142883
210 782.285706
211 786.714355
212 791.142883
213 795.571411
214 800.142822
215 804.285706
216 808.857117
217 813.142883
218 817.571472
219 822.000000
220 826.285706
221 830.571411
222 835.142822
223 839.428528
224 844.000000
225 848.428528
226 852.428650
227 857.142883
228 861.428589
229 865.857178
230 870.428589
231 874.571411
232 879.000000
233 883.428528
234 887.857117
235 892.428528
236 896.571411
237 901.142822
238 905.571472
239 909.714294
240 914.285706
241 918.571411
242 923.000000
243 927.571411
244 931.857056
245 936.285645
246 940.571472
247 945.000000
248 949.428589
249 953.857117
250 958.285706
251 962.428589
252 966.999939
253 971.285767
254 975.857178
255 980.285767
256 984.571411
257 989.000000
258 993.428589
259 997.714294
260 1001.999939
261 1006.571411
262 1011.000000
263 1015.428467
264 1019.714233
265 1024.428589
266 1028.571411
267 1032.857178
268 1037.571411
269 1041.571411
270 1046.285645
271 1050.571411
272 1055.000000
273 1059.428589
274 1063.714355
275 1068.285645
276 1072.571411
277 1077.142822
278 1081.428589
279 1085.571411
280 1090.285767
281 1094.571533
282 1099.142822
283 1103.428467
284 1108.000000
285 1112.142822
286 1116.571411
287 1121.142822
288 1125.142822
289 1130.000000
290 1134.142822
291 1138.714355
292 1143.142944
293 1147.142822
294 1152.142822
295 1156.142822
296 1160.571533
297 1165.142822
298 1169.285645
299 1174.000000
300 1178.142944
301 1182.857056
302 1187.142822
303 1191.428589
304 1196.142822
305 1200.142822
306 1204.857056
307 1209.142944
308 1213.428589
309 1217.999878
310 1222.428711
311 1226.714355
312 1231.285645
313 1235.428467
314 1239.999878
315 1244.428589
316 1248.714355
317 1253.142700
318 1257.571533
319 1262.142944
320 1266.285767
321 1270.714233
322 1275.285767
323 1279.571411
324 1284.142822
325 1288.285522
326 1292.857178
327 1297.285767
328 1301.428589
329 1306.142944
330 1310.285767
331 1314.714233
332 1319.285645
333 1323.428467
334 1328.142944
335 1332.428589
336 1336.999878
337 1341.285767
338 1345.714355
339 1350.142822
340 1354.428589
341 1358.857178
342 1363.285767
343 1367.571411
344 1372.142700
345 1376.571533
346 1381.000000
347 1385.428589
348 1389.857300
349 1394.142822
350 1398.571411
351 1402.857056
352 1407.428589
353 1411.857178
354 1416.285645
355 1420.571411
356 1425.000122
357 1429.571411
358 1433.857178
359 1438.142822
360 1442.714355
361 1446.857178
362 1451.428589
363 1455.857056
364 1460.285767
365 1464.714233
366 1469.142822
367 1473.428589
368 1478.000000
369 1482.285767
370 1486.857056
371 1491.000000
372 1495.571411
373 1499.857056
374 1504.142822
375 1508.714355
376 1513.142822
377 1517.571411
378 1522.142822
379 1526.428711
380 1530.714355
381 1535.285645
382 1539.714233
383 1543.857178
384 1548.428467
385 1552.857056
386 1557.285767
387 1561.714355
388 1566.000000
389 1570.571411
390 1574.714233
391 1579.428589
392 1583.714233
393 1588.142700
394 1592.428589
395 1596.857178
396 1601.285645
397 1605.714233
398 1610.142944
399 1614.571411
400 1618.714233
401 1623.142700
402 1627.571411
403 1631.571533
404 1635.857178
405 1640.000000
406 1643.999878
407 1648.285767
408 1652.571533
409 1656.714233
410 1660.714233
411 1664.714233
412 1668.714355
413 1672.714233
414 1676.571533
415 1680.428589
416 1684.142944
417 1688.000000
418 1691.857178
419 1695.428589
420 1699.428589
421 1702.714233
422 1706.428589
423 1709.857178
424 1713.428589
425 1716.571411
426 1720.428589
427 1723.428589
428 1726.714355
429 1730.142944
430 1733.285767
431 1736.285645
432 1739.285645
433 1742.285645
434 1745.142944
435 1748.142944
436 1751.000000
437 1753.714111
438 1756.571411
439 1759.142944
440 1761.571411
441 1764.571411
442 1766.714355
443 1769.428711
444 1771.571411
445 1774.000000
446 1776.285889
447 1778.285645
448 1780.428711
449 1782.571411
450 1784.714355
451 1786.571289
452 1788.428589
453 1790.285645
454 1792.142822
455 1793.857178
456 1795.428589
457 1797.000000
458 1798.714233
459 1800.000000
460 1801.571533
461 1803.000000
462 1804.428589
463 1805.428467
464 1806.857178
465 1808.142822
466 1809.142822
467 1810.142822
468 1811.285767
469 1812.285645
470 1813.142822
471 1814.000000
472 1814.714111
473 1815.714355
474 1816.285889
475 1817.142822
476 1817.714355
477 1818.571533
478 1818.857178
479 1819.571411
480 1819.857178
481 1820.571289
482 1820.714111
483 1821.142700
484 1821.714111
485 1821.857178
486 1822.000000
487 1822.571411
488 1822.571411
489 1822.857056
490 1822.857056
491 1822.999878
492 1823.142822
493 1823.142822
494 1823.142822
495 1823.285645
496 1823.285645
497 1823.285645
498 1823.285645
499 1823.285645
500 1823.285645
501 1823.285645
502 1823.285645
503 1823.285645
504 1823.285645
505 1823.142822
506 1822.571533
507 1822.571533
508 1822.428589
509 1822.428589
510 1822.285767
511 1821.857178
512 1821.571289
513 1821.571289
514 1821.285645
515 1821.142578
516 1820.856934
517 1820.714111
518 1820.428467
519 1820.000000
520 1819.714233
521 1819.428589
522 1819.428589
523 1819.000122
524 1818.714478
525 1818.571533
526 1818.285889
527 1817.714355
528 1817.571533
529 1817.285889
530 1816.857178
531 1816.571289
532 1816.428467
533 1815.714355
534 1815.714355
535 1815.428589
536 1814.857178
537 1814.714111
538 1814.428467
539 1813.857178
540 1813.571289
541 1813.285645
542 1812.999878
543 1812.714233
544 1812.428589
545 1812.142944
546 1811.714478
547 1811.571533
548 1811.143066
549 1810.857422
550 1810.714355
551 1810.428711
552 1809.857178
553 1809.714111
554 1809.285645
555 1809.142822
556 1808.857178
557 1808.714355
558 1808.428589
559 1807.857178
560 1807.714111
561 1807.571289
562 1807.142822
563 1807.000000
564 1806.714111
565 1806.428467
566 1806.142822
567 1805.857178
568 1805.714233
569 1805.285767
570 1805.142944
571 1805.142944
572 1805.000122
573 1804.857300
574 1804.285889
575 1804.143066
576 1804.000244
577 1804.000244
578 1803.714600
579 1803.571533
580 1803.285767
581 1803.142822
582 1803.000000
583 1803.000000
584 1802.857056
585 1802.571289
586 1802.428467
587 1802.142822
588 1802.142822
589 1802.142822
590 1802.000000
591 1801.714355
592 1801.428589
593 1801.428589
594 1801.428589
595 1801.428589
596 1801.285645
597 1801.285645
598 1801.285645
599 1801.142822
600 1800.714355
601 1800.571289
602 1800.571289
603 1800.571289
604 1800.571289
605 1800.571289
606 1800.428467
607 1800.428467
608 1800.428467
609 1800.428467
610 1800.285645
611 1800.142700
612 1800.142700
613 1800.142700
614 1800.142700
615 1800.142700
616 1800.142700
617 1800.142700
618 1800.142700
619 1800.142700
620 1800.142700
621 1800.142700
622 1800.142700
623 1799.999878
624 1799.999878
625 1799.999878
626 1799.999878
627 1800.142700
628 1800.142700
629 1799.999878
630 1799.857056
631 1799.857056
632 1799.857056
633 1799.857056
634 1799.857056
635 1799.857056
636 1799.857056
637 1799.857056
638 1799.857056
639 1799.857056
640 1799.999878
641 1800.142822
642 1800.285645
643 1800.285645
644 1800.285645
645 1800.285645
646 1800.285645
647 1800.285645
648 1800.428467
649 1800.428467
650 1800.428467
651 1800.428467
652 1800.428467
653 1800.428467
654 1800.428467
655 1800.428467
656 1800.428467
657 1800.428467
658 1800.428467
659 1800.428467
660 1800.428467
661 1800.428467
662 1800.428467
663 1800.428467
664 1800.428467
665 1800.428467
666 1800.428467
667 1800.428467
668 1800.428467
669 1800.428467
670 1800.428467
671 1800.428467
672 1800.428467
673 1800.428467
674 1800.285645
675 1800.285645
676 1800.285645
677 1800.285645
678 1800.285645
679 1800.285645
680 1800.285645
681 1800.285645
682 1800.285645
683 1800.285645
684 1800.285645
685 1800.285645
686 1800.285645
687 1800.285645
688 1800.285645
689 1800.285645
690 1800.285645
691 1800.285645
692 1800.285645
693 1800.285645
694 1800.285645
695 1800.285645
696 1800.285645
697 1800.285645
698 1800.285645
699 1800.285645
700 1800.285645
701 1800.285645
702 1800.285645
703 1800.285645
704 1800.285645
705 1800.285645
706 1800.285645
707 1800.285645
708 1800.285645
709 1800.285645
710 1800.285645
711 1800.285645
712 1800.285645
713 1800.285645
714 1800.285645
715 1800.285645
716 1800.285645
717 1800.285645
718 1800.285645
719 1800.285645
720 1800.285645
721 1800.285645
722 1800.285645
723 1800.285645
724 1800.285645
725 1800.285645
726 1800.285645
727 1800.285645
728 1800.285645
729 1800.285645
730 1800.285645
731 1800.285645
732 1800.285645
733 1800.285645
734 1800.285645
735 1800.285645
736 1800.285645
737 1800.285645
738 1800.285645
739 1800.285645
740 1800.285645
741 1800.285645
742 1800.285645
743 1800.285645
744 1800.285645
745 1800.285645
746 1800.285645
747 1800.285645
748 1800.285645
749 1800.285645
750 1800.285645
751 1800.285645
752 1800.285645
753 1800.285645
754 1800.285645
755 1800.285645
756 1800.285645
757 1800.285645
758 1800.285645
759 1800.285645
760 1800.285645
761 1800.285645
762 1800.285645
763 1800.285645
764 1800.285645
765 1800.285645
766 1800.285645
767 1800.285645
768 1800.285645
769 1800.285645
770 1800.285645
771 1800.285645
772 1800.285645
773 1800.285645
774 1800.285645
775 1800.285645
776 1800.285645
777 1800.285645
778 1800.285645
779 1800.285645
780 1800.285645
781 1800.285645
782 1800.285645
783 1800.285645
784 1800.285645
785 1800.285645
786 1800.285645
787 1800.285645
788 1800.285645
789 1800.285645
790 1800.285645
791 1800.285645
792 1800.285645
793 1800.285645
794 1800.285645
795 1800.285645
796 1800.285645
797 1800.285645
798 1800.285645
799 1800.285645
800 1800.285645
801 1800.285645
802 1800.285645
803 1800.285645
804 1800.285645
805 1800.285645
806 1800.285645
807 1800.285645
808 1800.285645
809 1800.285645
810 1800.285645
811 1800.285645
812 1800.285645
813 1800.285645
814 1800.285645
815 1800.285645
816 1800.285645
817 1800.285645
818 1800.285645
819 1800.285645
820 1800.285645
821 1800.285645
822 1800.285645
823 1800.285645
824 1800.285645
825 1800.285645
826 1800.285645
827 1800.285645
828 1800.285645
829 1800.285645
830 1800.285645
831 1800.285645
832 1800.285645
833 1800.285645
834 1800.285645
835 1800.285645
836 1800.285645
837 1800.285645
838 1800.285645
839 1800.285645
840 1800.285645
841 1800.285645
842 1800.285645
843 1800.285645
844 1800.285645
845 1800.285645
846 1800.285645
847 1800.285645
848 1800.285645
849 1800.285645
850 1800.285645
851 1800.285645
852 1800.285645
853 1800.285645
854 1800.285645
855 1800.285645
856 1800.285645
857 1800.285645
858 1800.285645
859 1800.285645
860 1800.285645
861 1800.285645
862 1800.285645
863 1800.285645
864 1800.285645
865 1800.285645
866 1800.285645
867 1800.285645
868 1800.285645
869 1800.285645
870 1800.285645
871 1800.285645
872 1800.285645
873 1800.285645
874 1800.285645
875 1800.285645
876 1800.285645
877 1800.285645
878 1800.285645
879 1800.285645
880 1800.285645
881 1800.285645
882 1800.285645
883 1800.285645
884 1800.285645
885 1800.285645
886 1800.285645
887 1800.285645
888 1800.285645
889 1800.285645
890 1800.285645
891 1800.285645
892 1800.285645
893 1800.285645
894 1800.285645
895 1800.285645
896 1800.285645
897 1800.285645
898 1800.285645
899 1800.285645
900 1800.285645
901 1800.285645
902 1800.285645
903 1800.285645
904 1800.285645
905 1800.285645
906 1800.285645
907 1800.285645
908 1800.285645
909 1800.285645
910 1800.285645
911 1800.285645
912 1800.285645
913 1800.285645
914 1800.285645
915 1800.285645
916 1800.285645
917 1800.285645
918 1800.285645
919 1800.285645
920 1800.285645
921 1800.285645
922 1800.285645
923 1800.285645
924 1800.285645
925 1800.285645
926 1800.285645
927 1800.285645
928 1800.285645
929 1800.285645
930 1800.285645
931 1800.285645
932 1800.285645
933 1800.285645
934 1800.285645
935 1800.285645
936 1800.285645
937 1800.285645
938 1800.285645
939 1800.285645
940 1800.285645
941 1800.285645
942 1800.285645
943 1800.285645
944 1800.285645
945 1800.285645
946 1800.285645
947 1800.285645
948 1800.285645
949 1800.285645
950 1800.285645
951 1800.285645
952 1800.285645
953 1800.285645
954 1800.285645
955 1800.285645
956 1800.285645
957 1800.285645
958 1800.285645
959 1800.285645
960 1800.285645
961 1800.285645
962 1800.285645
963 1800.285645
964 1800.285645
965 1800.285645
966 1800.285645
967 1800.285645
968 1800.285645
969 1800.285645
970 1800.285645
971 1800.285645
972 1800.285645
973 1800.285645
974 1800.285645
975 1800.285645
976 1800.285645
977 1800.285645
978 1800.285645
979 1800.285645
980 1800.285645
981 1800.285645
982 1800.285645
983 1800.285645
984 1800.285645
985 1800.285645
986 1800.285645
987 1800.285645
988 1800.285645
989 1800.285645
990 1800.285645
991 1800.285645
992 1800.285645
993 1800.285645
994 1800.285645
995 1800.285645
996 1800.285645
997 1800.285645
998 1800.285645
999 1800.285645
1000 1800.285645
1001 1800.285645
1002 1800.285645
1003 1800.285645
1004 1800.285645
1005 1800.285645
1006 1800.285645
1007 1800.285645
1008 1800.285645
1009 1800.285645
1010 1800.285645
1011 1800.285645
1012 1800.285645
1013 1800.285645
1014 1800.285645
1015 1800.285645
1016 1800.285645
1017 1800.285645
1018 1800.285645
1019 1800.285645
1020 1800.285645
1021 1800.285645
1022 1800.285645
1023 1800.285645
1024 1800.285645
1025 1800.285645
1026 1800.285645
1027 1800.285645
1028 1800.285645
1029 1800.285645
1030 1800.285645
1031 1800.285645
1032 1800.285645
1033 1800.285645
1034 1800.285645
1035 1800.285645
1036 1800.285645
1037 1800.285645
1038 1800.285645
1039 1800.285645
1040 1800.285645
1041 1800.285645
1042 1800.285645
1043 1800.285645
1044 1800.285645
1045 1800.285645
1046 1800.285645
1047 1800.285645
1048 1800.285645
1049 1800.285645
1050 1800.285645
1051 1800.285645
1052 1800.285645
1053 1800.285645
1054 1800.285645
1055 1800.285645
1056 1800.285645
1057 1800.285645
1058 1800.285645
1059 1800.285645
1060 1800.285645
1061 1800.285645
1062 1800.285645
1063 1800.285645
1064 1800.285645
1065 1800.285645
1066 1800.285645
1067 1800.285645
1068 1800.285645
1069 1800.285645
1070 1800.285645
1071 1800.285645
1072 1800.285645
1073 1800.285645
1074 1800.285645
1075 1800.285645
1076 1800.285645
1077 1800.285645
1078 1800.285645
1079 1800.285645
1080 1800.285645
1081 1800.285645
1082 1800.285645
1083 1800.285645
1084 1800.285645
1085 1800.285645
1086 1800.285645
1087 1800.285645
1088 1800.285645
1089 1800.285645
1090 1800.285645
1091 1800.285645
1092 1800.285645
1093 1800.285645
1094 1800.285645
1095 1800.285645
1096 1800.285645
1097 1800.285645
1098 1800.285645
1099 1800.285645
1100 1800.285645
1101 1800.285645
1102 1800.285645
1103 1800.285645
1104 1800.285645
1105 1800.285645
1106 1800.285645
1107 1800.285645
1108 1800.285645
1109 1800.285645
1110 1800.285645
1111 1800.285645
1112 1800.285645
1113 1800.285645
1114 1800.285645
1115 1800.285645
1116 1800.285645
1117 1800.285645
1118 1800.285645
1119 1800.285645
1120 1800.285645
1121 1800.285645
1122 1800.285645
1123 1800.285645
1124 1800.285645
1125 1800.285645
1126 1800.285645
1127 1800.285645
1128 1800.285645
1129 1800.285645
1130 1800.285645
1131 1800.285645
1132 1800.285645
1133 1800.285645
1134 1800.285645
1135 1800.285645
1136 1800.285645
1137 1800.285645
1138 1800.285645
1139 1800.285645
1140 1800.285645
1141 1800.285645
1142 1800.285645
1143 1800.285645
1144 1800.285645
1145 1800.285645
1146 1800.285645
1147 1800.285645
1148 1800.285645
1149 1800.285645
1150 1800.285645
1151 1800.285645
1152 1800.285645
1153 1800.285645
1154 1800.285645
1155 1800.285645
1156 1800.285645
1157 1800.285645
1158 1800.285645
1159 1800.285645
1160 1800.285645
1161 1800.285645
1162 1800.285645
1163 1800.285645
1164 1800.285645
1165 1800.285645
1166 1800.285645
1167 1800.285645
1168 1800.285645
1169 1800.285645
1170 1800.285645
1171 1800.285645
1172 1800.285645
1173 1800.285645
1174 1800.285645
1175 1800.285645
1176 1800.285645
1177 1800.285645
1178 1800.285645
1179 1800.285645
1180 1800.285645
1181 1800.285645
1182 1800.285645
1183 1800.285645
1184 1800.285645
1185 1800.285645
1186 1800.285645
1187 1800.285645
1188 1800.285645
1189 1800.285645
1190 1800.285645
1191 1800.285645
1192 1800.285645
1193 1800.285645
1194 1800.285645
1195 1800.285645
1196 1800.285645
1197 1800.285645
1198 1800.285645
1199 1800.285645
1200 1800.285645
