0 0.000000
1 0.000000
2 0.000000
3 0.000000
4 0.000000
5 0.000000
6 0.000000
7 1.000000
8 1.857143
9 2.000000
10 3.000000
11 4.142857
12 6.000000
13 7.000000
14 8.428572
15 10.142859
16 11.714286
17 13.428571
18 15.428570
19 17.428572
20 19.428572
21 21.571428
22 23.714287
23 25.999998
24 28.285713
25 30.714287
26 33.142857
27 35.714287
28 38.285713
29 40.714291
30 43.714283
31 46.571434
32 49.285713
33 52.142853
34 55.142860
35 57.999996
36 60.857140
37 64.000000
38 67.285706
39 70.571426
40 73.714287
41 76.857140
42 80.000000
43 83.428566
44 86.857140
45 89.999992
46 93.714287
47 96.857140
48 100.428566
49 103.857140
50 107.428574
51 110.857140
52 114.857147
53 118.142868
54 121.857147
55 125.714279
56 128.857147
57 132.857147
58 136.714279
59 140.142853
60 143.857147
61 147.857132
62 151.857132
63 155.571426
64 159.142838
65 163.142868
66 166.857132
67 170.857147
68 174.857147
69 178.857147
70 182.857132
71 186.857132
72 190.857147
73 194.714279
74 198.714294
75 202.714294
76 206.714279
77 210.857132
78 214.857132
79 218.857147
80 222.857132
81 226.857147
82 230.857147
83 234.857147
84 239.000000
85 243.142883
86 247.285706
87 251.285736
88 255.571411
89 259.857117
90 263.857147
91 267.999969
92 272.142853
93 276.285706
94 280.571411
95 284.714294
96 288.714264
97 293.285736
98 297.285706
99 301.285706
100 305.857147
101 309.999969
102 314.285736
103 318.285706
104 322.714294
105 326.857147
106 331.285706
107 335.285736
108 339.571411
109 343.857147
110 348.285736
111 352.285706
112 356.857147
113 361.285736
114 365.285706
115 369.571442
116 373.857147
117 378.285706
118 382.428619
119 386.857117
120 391.285736
121 395.428558
122 399.714264
123 404.142883
124 408.428558
125 412.857147
126 417.000000
127 421.428558
128 425.714294
129 430.000000
130 434.428558
131 438.714325
132 442.999969
133 447.285736
134 451.714233
135 455.857117
136 460.571442
137 464.714294
138 469.000000
139 473.571411
140 477.714294
141 482.142883
142 486.571411
143 490.999969
144 495.428589
145 499.571472
146 503.857147
147 508.571411
148 512.714294
149 517.142883
150 521.714294
151 525.714294
152 530.285706
153 534.571411
154 539.000000
155 543.285706
156 547.857117
157 552.285767
158 556.714294
159 561.000000
160 565.428528
161 569.714294
162 574.285706
163 578.428528
164 583.142883
165 587.285767
166 591.714294
167 596.142822
168 600.428528
169 604.857117
170 609.428589
171 613.428528
172 618.285706
173 622.428589
174 626.857178
175 631.428528
176 635.571411
177 640.142822
178 644.428589
179 648.857117
180 653.428589
181 657.571472
182 662.285706
183 666.428528
184 670.857178
185 675.285706
186 679.571411
187 684.285706
188 688.571411
189 692.857178
190 697.428528
191 701.571411
192 706.142883
193 710.571472
194 715.142822
195 719.285645
196 723.714294
197 728.285767
198 732.571350
199 737.285706
200 741.571472
201 745.857117
202 750.428589
203 754.571411
204 759.142883
205 763.428589
206 767.999939
207 772.428528
208 776.857178
209 781.428528
210 785.428589
211 790.142883
212 794.428589
213 799.000000
214 803.428528
215 807.714294
216 812.142822
217 816.428528
218 821.142822
219 825.428589
220 829.857117
221 834.285767
222 838.571411
223 843.142883
224 847.571472
225 851.857178
226 856.285645
227 860.857178
228 865.142822
229 869.714294
230 874.000000
231 878.285767
232 883.000061
233 887.285706
234 891.857178
235 896.000000
236 900.714355
237 904.999939
238 909.571411
239 914.000000
240 918.142944
241 922.714233
242 927.000061
243 931.857178
244 936.000061
245 940.285706
246 944.857117
247 949.142822
248 953.714233
249 957.999878
250 962.428528
251 967.000000
252 971.428589
253 975.857178
254 980.000000
255 984.714294
256 988.999939
257 993.571411
258 998.000000
259 1002.428528
260 1006.857056
261 1011.285706
262 1015.571411
263 1020.142944
264 1024.571411
265 1029.000000
266 1033.571533
267 1037.714233
268 1042.428589
269 1046.571411
270 1051.285645
271 1055.571411
272 1059.857178
273 1064.428589
274 1068.714355
275 1073.428589
276 1077.571411
277 1082.285645
278 1086.428589
279 1091.000000
280 1095.428589
281 1099.571411
282 1104.285645
283 1108.571411
284 1113.142822
285 1117.571533
286 1121.857056
287 1126.428589
288 1131.000000
289 1135.285767
290 1139.714355
291 1144.142822
292 1148.571411
293 1153.142822
294 1157.285767
295 1161.857056
296 1166.285767
297 1170.714233
298 1175.142822
299 1179.714233
300 1184.000000
301 1188.428589
302 1193.142822
303 1197.142822
304 1201.714355
305 1206.142822
306 1210.571411
307 1215.142822
308 1219.571411
309 1224.000122
310 1228.285645
311 1232.714233
312 1237.142822
313 1241.714355
314 1246.142822
315 1250.428589
316 1255.000000
317 1259.285767
318 1263.714233
319 1268.285645
320 1272.714478
321 1277.285645
322 1281.285645
323 1286.142944
324 1290.428711
325 1295.000000
326 1299.285645
327 1303.571289
328 1308.142944
329 1312.428467
330 1317.142822
331 1321.285767
332 1326.142822
333 1330.285645
334 1334.571411
335 1339.142944
336 1343.428589
337 1348.142822
338 1352.428467
339 1357.142944
340 1361.142822
341 1365.857056
342 1370.142944
343 1374.428589
344 1379.142822
345 1383.285645
346 1388.000000
347 1392.142944
348 1396.428467
349 1401.142822
350 1405.142944
351 1409.571411
352 1414.142822
353 1418.285645
354 1422.428589
355 1427.000000
356 1431.142822
357 1435.285645
358 1439.571411
359 1443.714233
360 1448.000000
361 1452.142822
362 1456.142822
363 1460.142822
364 1464.285645
365 1468.285889
366 1472.571533
367 1476.428589
368 1480.571411
369 1484.428589
370 1488.428467
371 1492.428467
372 1496.142944
373 1500.142822
374 1504.142944
375 1508.000000
376 1511.571411
377 1515.428589
378 1519.142822
379 1523.142822
380 1526.571411
381 1530.142822
382 1534.142822
383 1537.285645
384 1541.142822
385 1544.571411
386 1548.142822
387 1551.571411
388 1555.142822
389 1558.571411
390 1562.000000
391 1565.142822
392 1568.714233
393 1571.999878
394 1575.142822
395 1578.142822
396 1581.571533
397 1584.714355
398 1588.000122
399 1591.142822
400 1594.142944
401 1597.285645
402 1600.285645
403 1603.285645
404 1606.142822
405 1609.142944
406 1612.000000
407 1614.857056
408 1617.571411
409 1620.428589
410 1623.142944
411 1625.714233
412 1628.571411
413 1631.285645
414 1633.714233
415 1636.428589
416 1639.000000
417 1641.428589
418 1644.000122
419 1646.428467
420 1648.714233
421 1651.428711
422 1653.571411
423 1655.857178
424 1658.428711
425 1660.571411
426 1662.571411
427 1664.857178
428 1667.142822
429 1669.285767
430 1671.428589
431 1673.428589
432 1675.428467
433 1677.428589
434 1679.428711
435 1681.428589
436 1683.428589
437 1685.142822
438 1687.000000
439 1688.999878
440 1690.857178
441 1692.428589
442 1694.142822
443 1695.999878
444 1698.000000
445 1699.285767
446 1701.142944
447 1702.999878
448 1704.285645
449 1706.000000
450 1707.428589
451 1709.142944
452 1710.571411
453 1712.142822
454 1713.428589
455 1715.142944
456 1716.142944
457 1717.714233
458 1719.142822
459 1720.571411
460 1721.714355
461 1723.142944
462 1724.142700
463 1725.428589
464 1726.714355
465 1727.999878
466 1729.285767
467 1730.285767
468 1731.571411
469 1732.571411
470 1733.571411
471 1734.714233
472 1735.714233
473 1736.857300
474 1737.857056
475 1738.857056
476 1739.714233
477 1740.857178
478 1741.714233
479 1742.714233
480 1743.714355
481 1744.714233
482 1745.714233
483 1746.571289
484 1747.285645
485 1748.000000
486 1748.857178
487 1749.714233
488 1750.571533
489 1751.428589
490 1752.000000
491 1752.857056
492 1753.714233
493 1754.428589
494 1754.857178
495 1755.857178
496 1756.428467
497 1756.857178
498 1757.714355
499 1758.428589
500 1758.857178
501 1759.571411
502 1760.428467
503 1760.857178
504 1761.428589
505 1762.142822
506 1762.714355
507 1763.285645
508 1763.714233
509 1764.142944
510 1764.714355
511 1765.285767
512 1765.714355
513 1766.285645
514 1766.714233
515 1767.000000
516 1767.714233
517 1767.999878
518 1768.428589
519 1768.857178
520 1769.285767
521 1769.857178
522 1770.142822
523 1770.714233
524 1771.000000
525 1771.142822
526 1771.714355
527 1772.000000
528 1772.428711
529 1772.714355
530 1773.000000
531 1773.285645
532 1773.714355
533 1774.000000
534 1774.285767
535 1774.714233
536 1774.999878
537 1775.285522
538 1775.714233
539 1775.857178
540 1776.000000
541 1776.428589
542 1776.714355
543 1777.000000
544 1777.142822
545 1777.714233
546 1777.857178
547 1778.000000
548 1778.285645
549 1778.571289
550 1778.714233
551 1778.857056
552 1779.142944
553 1779.285889
554 1779.571533
555 1779.571533
556 1779.714355
557 1779.857178
558 1780.142944
559 1780.285767
560 1780.571533
561 1780.571533
562 1780.857178
563 1781.000000
564 1781.000000
565 1781.428589
566 1781.571411
567 1781.571411
568 1781.857056
569 1781.857056
570 1782.285645
571 1782.285645
572 1782.285645
573 1782.571289
574 1782.571289
575 1782.857056
576 1783.000000
577 1783.000000
578 1783.285767
579 1783.285767
580 1783.428589
581 1783.571533
582 1783.571533
583 1783.714355
584 1783.714355
585 1783.714355
586 1783.857300
587 1784.000122
588 1784.000122
589 1784.000122
590 1784.000122
591 1784.285767
592 1784.285767
593 1784.285767
594 1784.285767
595 1784.285767
596 1784.285767
597 1784.285767
598 1784.285767
599 1784.285767
600 1784.428589
601 1784.428589
602 1784.428589
603 1784.428589
604 1784.428589
605 1784.428589
606 1784.428589
607 1784.428589
608 1784.285767
609 1784.285767
610 1784.285767
611 1784.285767
612 1784.142944
613 1784.000122
614 1784.000122
615 1784.000122
616 1783.857300
617 1783.857300
618 1783.857300
619 1783.857300
620 1783.857300
621 1783.857300
622 1783.857300
623 1783.857300
624 1783.857300
625 1783.857300
626 1783.857300
627 1783.857300
628 1783.857300
629 1783.857300
630 1783.857300
631 1783.857300
632 1783.857300
633 1783.857300
634 1783.857300
635 1783.857300
636 1783.857300
637 1783.857300
638 1783.857300
639 1783.857300
640 1783.857300
641 1783.857300
642 1783.857300
643 1783.857300
644 1783.857300
645 1783.857300
646 1783.857300
647 1783.857300
648 1783.857300
649 1783.857300
650 1783.857300
651 1783.857300
652 1783.857300
653 1783.857300
654 1783.857300
655 1783.857300
656 1783.857300
657 1783.857300
658 1783.857300
659 1783.857300
660 1783.857300
661 1783.857300
662 1783.857300
663 1783.857300
664 1783.857300
665 1783.857300
666 1783.857300
667 1783.857300
668 1783.857300
669 1783.857300
670 1783.857300
671 1783.857300
672 1783.857300
673 1783.857300
674 1783.857300
675 1783.857300
676 1783.857300
677 1783.857300
678 1783.857300
679 1783.857300
680 1783.857300
681 1783.857300
682 1783.857300
683 1783.857300
684 1783.857300
685 1783.857300
686 1783.857300
687 1783.857300
688 1783.857300
689 1783.857300
690 1783.857300
691 1783.857300
692 1783.857300
693 1783.857300
694 1783.857300
695 1783.857300
696 1783.857300
697 1783.857300
698 1783.857300
699 1783.857300
700 1783.857300
701 1783.857300
702 1783.857300
703 1783.857300
704 1783.857300
705 1783.857300
706 1783.857300
707 1783.857300
708 1783.857300
709 1783.857300
710 1783.857300
711 1783.857300
712 1783.857300
713 1783.857300
714 1783.857300
715 1783.857300
716 1783.857300
717 1783.857300
718 1783.857300
719 1783.857300
720 1783.857300
721 1783.857300
722 1783.857300
723 1783.857300
724 1783.857300
725 1783.857300
726 1783.857300
727 1783.857300
728 1783.857300
729 1783.857300
730 1783.857300
731 1783.857300
732 1783.857300
733 1783.857300
734 1783.857300
735 1783.857300
736 1783.857300
737 1783.857300
738 1783.857300
739 1783.857300
740 1783.857300
741 1783.857300
742 1783.857300
743 1783.857300
744 1783.857300
745 1783.857300
746 1783.857300
747 1783.857300
748 1783.857300
749 1783.857300
750 1783.857300
751 1783.857300
752 1783.857300
753 1783.857300
754 1783.857300
755 1783.857300
756 1783.857300
757 1783.857300
758 1783.857300
759 1783.857300
760 1783.857300
761 1783.857300
762 1783.857300
763 1783.857300
764 1783.857300
765 1783.857300
766 1783.857300
767 1783.857300
768 1783.857300
769 1783.857300
770 1783.857300
771 1783.857300
772 1783.857300
773 1783.857300
774 1783.857300
775 1783.857300
776 1783.857300
777 1783.857300
778 1783.857300
779 1783.857300
780 1783.857300
781 1783.857300
782 1783.857300
783 1783.857300
784 1783.857300
785 1783.857300
786 1783.857300
787 1783.857300
788 1783.857300
789 1783.857300
790 1783.857300
791 1783.857300
792 1783.857300
793 1783.857300
794 1783.857300
795 1783.857300
796 1783.857300
797 1783.857300
798 1783.857300
799 1783.857300
800 1783.857300
801 1783.857300
802 1783.857300
803 1783.857300
804 1783.857300
805 1783.857300
806 1783.857300
807 1783.857300
808 1783.857300
809 1783.857300
810 1783.857300
811 1783.857300
812 1783.857300
813 1783.857300
814 1783.857300
815 1783.857300
816 1783.857300
817 1783.857300
818 1783.857300
819 1783.857300
820 1783.857300
821 1783.857300
822 1783.857300
823 1783.857300
824 1783.857300
825 1783.857300
826 1783.857300
827 1783.857300
828 1783.857300
829 1783.857300
830 1783.857300
831 1783.857300
832 1783.857300
833 1783.857300
834 1783.857300
835 1783.857300
836 1783.857300
837 1783.857300
838 1783.857300
839 1783.857300
840 1783.857300
841 1783.857300
842 1783.857300
843 1783.857300
844 1783.857300
845 1783.857300
846 1783.857300
847 1783.857300
848 1783.857300
849 1783.857300
850 1783.857300
851 1783.857300
852 1783.857300
853 1783.857300
854 1783.857300
855 1783.857300
856 1783.857300
857 1783.857300
858 1783.857300
859 1783.857300
860 1783.857300
861 1783.857300
862 1783.857300
863 1783.857300
864 1783.857300
865 1783.857300
866 1783.857300
867 1783.857300
868 1783.857300
869 1783.857300
870 1783.857300
871 1783.857300
872 1783.857300
873 1783.857300
874 1783.857300
875 1783.857300
876 1783.857300
877 1783.857300
878 1783.857300
879 1783.857300
880 1783.857300
881 1783.857300
882 1783.857300
883 1783.857300
884 1783.857300
885 1783.857300
886 1783.857300
887 1783.857300
888 1783.857300
889 1783.857300
890 1783.857300
891 1783.857300
892 1783.857300
893 1783.857300
894 1783.857300
895 1783.857300
896 1783.857300
897 1783.857300
898 1783.857300
899 1783.857300
900 1783.857300
901 1783.857300
902 1783.857300
903 1783.857300
904 1783.857300
905 1783.857300
906 1783.857300
907 1783.857300
908 1783.857300
909 1783.857300
910 1783.857300
911 1783.857300
912 1783.857300
913 1783.857300
914 1783.857300
915 1783.857300
916 1783.857300
917 1783.857300
918 1783.857300
919 1783.857300
920 1783.857300
921 1783.857300
922 1783.857300
923 1783.857300
924 1783.857300
925 1783.857300
926 1783.857300
927 1783.857300
928 1783.857300
929 1783.857300
930 1783.857300
931 1783.857300
932 1783.857300
933 1783.857300
934 1783.857300
935 1783.857300
936 1783.857300
937 1783.857300
938 1783.857300
939 1783.857300
940 1783.857300
941 1783.857300
942 1783.857300
943 1783.857300
944 1783.857300
945 1783.857300
946 1783.857300
947 1783.857300
948 1783.857300
949 1783.857300
950 1783.857300
951 1783.857300
952 1783.857300
953 1783.857300
954 1783.857300
955 1783.857300
956 1783.857300
957 1783.857300
958 1783.857300
959 1783.857300
960 1783.857300
961 1783.857300
962 1783.857300
963 1783.857300
964 1783.857300
965 1783.857300
966 1783.857300
967 1783.857300
968 1783.857300
969 1783.857300
970 1783.857300
971 1783.857300
972 1783.857300
973 1783.857300
974 1783.857300
975 1783.857300
976 1783.857300
977 1783.857300
978 1783.857300
979 1783.857300
980 1783.857300
981 1783.857300
982 1783.857300
983 1783.857300
984 1783.857300
985 1783.857300
986 1783.857300
987 1783.857300
988 1783.857300
989 1783.857300
990 1783.857300
991 1783.857300
992 1783.857300
993 1783.857300
994 1783.857300
995 1783.857300
996 1783.857300
997 1783.857300
998 1783.857300
999 1783.857300
1000 1783.857300
1001 1783.857300
1002 1783.857300
1003 1783.857300
1004 1783.857300
1005 1783.857300
1006 1783.857300
1007 1783.857300
1008 1783.857300
1009 1783.857300
1010 1783.857300
1011 1783.857300
1012 1783.857300
1013 1783.857300
1014 1783.857300
1015 1783.857300
1016 1783.857300
1017 1783.857300
1018 1783.857300
1019 1783.857300
1020 1783.857300
1021 1783.857300
1022 1783.857300
1023 1783.857300
1024 1783.857300
1025 1783.857300
1026 1783.857300
1027 1783.857300
1028 1783.857300
1029 1783.857300
1030 1783.857300
1031 1783.857300
1032 1783.857300
1033 1783.857300
1034 1783.857300
1035 1783.857300
1036 1783.857300
1037 1783.857300
1038 1783.857300
1039 1783.857300
1040 1783.857300
1041 1783.857300
1042 1783.857300
1043 1783.857300
1044 1783.857300
1045 1783.857300
1046 1783.857300
1047 1783.857300
1048 1783.857300
1049 1783.857300
1050 1783.857300
1051 1783.857300
1052 1783.857300
1053 1783.857300
1054 1783.857300
1055 1783.857300
1056 1783.857300
1057 1783.857300
1058 1783.857300
1059 1783.857300
1060 1783.857300
1061 1783.857300
1062 1783.857300
1063 1783.857300
1064 1783.857300
1065 1783.857300
1066 1783.857300
1067 1783.857300
1068 1783.857300
1069 1783.857300
1070 1783.857300
1071 1783.857300
1072 1783.857300
1073 1783.857300
1074 1783.857300
1075 1783.857300
1076 1783.857300
1077 1783.857300
1078 1783.857300
1079 1783.857300
1080 1783.857300
1081 1783.857300
1082 1783.857300
1083 1783.857300
1084 1783.857300
1085 1783.857300
1086 1783.857300
1087 1783.857300
1088 1783.857300
1089 1783.857300
1090 1783.857300
1091 1783.857300
1092 1783.857300
1093 1783.857300
1094 1783.857300
1095 1783.857300
1096 1783.857300
1097 1783.857300
1098 1783.857300
1099 1783.857300
1100 1783.857300
1101 1783.857300
1102 1783.857300
1103 1783.857300
1104 1783.857300
1105 1783.857300
1106 1783.857300
1107 1783.857300
1108 1783.857300
1109 1783.857300
1110 1783.857300
1111 1783.857300
1112 1783.857300
1113 1783.857300
1114 1783.857300
1115 1783.857300
1116 1783.857300
1117 1783.857300
1118 1783.857300
1119 1783.857300
1120 1783.857300
1121 1783.857300
1122 1783.857300
1123 1783.857300
1124 1783.857300
1125 1783.857300
1126 1783.857300
1127 1783.857300
1128 1783.857300
1129 1783.857300
1130 1783.857300
1131 1783.857300
1132 1783.857300
1133 1783.857300
1134 1783.857300
1135 1783.857300
1136 1783.857300
1137 1783.857300
1138 1783.857300
1139 1783.857300
1140 1783.857300
1141 1783.857300
1142 1783.857300
1143 1783.857300
1144 1783.857300
1145 1783.857300
1146 1783.857300
1147 1783.857300
1148 1783.857300
1149 1783.857300
1150 1783.857300
1151 1783.857300
1152 1783.857300
1153 1783.857300
1154 1783.857300
1155 1783.857300
1156 1783.857300
1157 1783.857300
1158 1783.857300
1159 1783.857300
1160 1783.857300
1161 1783.857300
1162 1783.857300
1163 1783.857300
1164 1783.857300
1165 1783.857300
1166 1783.857300
1167 1783.857300
1168 1783.857300
1169 1783.857300
1170 1783.857300
1171 1783.857300
1172 1783.857300
1173 1783.857300
1174 1783.857300
1175 1783.857300
1176 1783.857300
1177 1783.857300
1178 1783.857300
1179 1783.857300
1180 1783.857300
1181 1783.857300
1182 1783.857300
1183 1783.857300
1184 1783.857300
1185 1783.857300
1186 1783.857300
1187 1783.857300
1188 1783.857300
1189 1783.857300
1190 1783.857300
1191 1783.857300
1192 1783.857300
1193 1783.857300
1194 1783.857300
1195 1783.857300
1196 1783.857300
1197 1783.857300
1198 1783.857300
1199 1783.857300
1200 1783.857300
